recon_mean,recon_sum,kl
1.455936115235090256e-02,1.164748892188072205e-01,8.000000000000000000e+00
9.314835071563720703e-02,7.451868057250976562e-01,8.000000000000000000e+00
8.900866843760013580e-03,7.120693475008010864e-02,8.000000000000000000e+00
1.400990691035985947e-02,1.120792552828788757e-01,8.003109931945800781e+00
1.429208554327487946e-02,1.143366843461990356e-01,8.000000000000000000e+00
2.652103826403617859e-02,2.121683061122894287e-01,8.000000000000000000e+00
6.192323286086320877e-03,4.953858628869056702e-02,8.000000000000000000e+00
2.774006128311157227e-02,2.219204902648925781e-01,8.000000000000000000e+00
4.908427596092224121e-03,3.926742076873779297e-02,8.000000000000000000e+00
1.229584496468305588e-02,9.836675971746444702e-02,8.000000000000000000e+00
8.097089827060699463e-03,6.477671861648559570e-02,8.000000000000000000e+00
4.921934753656387329e-02,3.937547802925109863e-01,8.000000000000000000e+00
3.081872500479221344e-02,2.465498000383377075e-01,8.000000000000000000e+00
1.580038480460643768e-02,1.264030784368515015e-01,8.000000000000000000e+00
3.004126250743865967e-02,2.403301000595092773e-01,8.000000000000000000e+00
3.692609444260597229e-02,2.954087555408477783e-01,8.009294509887695312e+00
2.268119901418685913e-02,1.814495921134948730e-01,8.000000000000000000e+00
2.865765243768692017e-02,2.292612195014953613e-01,8.000000000000000000e+00
5.143026262521743774e-02,4.114421010017395020e-01,8.000000000000000000e+00
8.207541704177856445e-02,6.566033363342285156e-01,8.000000000000000000e+00
3.541453275829553604e-03,2.833162620663642883e-02,8.000000000000000000e+00
7.115067914128303528e-03,5.692054331302642822e-02,8.000000000000000000e+00
9.671788662672042847e-03,7.737430930137634277e-02,8.000000000000000000e+00
8.472716435790061951e-03,6.778173148632049561e-02,8.000000000000000000e+00
6.771905347704887390e-03,5.417524278163909912e-02,8.000000000000000000e+00
4.408226348459720612e-03,3.526581078767776489e-02,8.000000000000000000e+00
3.894619410857558250e-03,3.115695528686046600e-02,8.000000000000000000e+00
3.284930717200040817e-03,2.627944573760032654e-02,8.000000000000000000e+00
2.754902699962258339e-03,2.203922159969806671e-02,8.000000000000000000e+00
3.028200007975101471e-03,2.422560006380081177e-02,8.000000000000000000e+00
4.073147196322679520e-03,3.258517757058143616e-02,8.000000000000000000e+00
3.429617732763290405e-03,2.743694186210632324e-02,8.000000000000000000e+00
3.797509707510471344e-03,3.038007766008377075e-02,8.000000000000000000e+00
4.003039561212062836e-03,3.202431648969650269e-02,8.000000000000000000e+00
4.756408743560314178e-03,3.805126994848251343e-02,8.000000000000000000e+00
4.275414627045392990e-03,3.420331701636314392e-02,8.000000000000000000e+00
4.250038415193557739e-03,3.400030732154846191e-02,8.000000000000000000e+00
3.918422386050224304e-03,3.134737908840179443e-02,8.000000000000000000e+00
3.876027651131153107e-03,3.100822120904922485e-02,8.000000000000000000e+00
3.870423650369048119e-03,3.096338920295238495e-02,8.000000000000000000e+00
4.125305917114019394e-03,3.300244733691215515e-02,8.000000000000000000e+00
4.059432540088891983e-03,3.247546032071113586e-02,8.000000000000000000e+00
5.799442064017057419e-03,4.639553651213645935e-02,8.000000000000000000e+00
3.725462825968861580e-03,2.980370260775089264e-02,8.000000000000000000e+00
3.404405899345874786e-03,2.723524719476699829e-02,8.000000000000000000e+00
3.195496276021003723e-03,2.556397020816802979e-02,8.000000000000000000e+00
3.397686406970024109e-03,2.718149125576019287e-02,8.000000000000000000e+00
3.521155565977096558e-03,2.816924452781677246e-02,8.000000000000000000e+00
3.421219298616051674e-03,2.736975438892841339e-02,8.000000000000000000e+00
3.259415272623300552e-03,2.607532218098640442e-02,8.000000000000000000e+00
3.555695526301860809e-03,2.844556421041488647e-02,8.000000000000000000e+00
1.233719522133469582e-03,9.869756177067756653e-03,8.000000000000000000e+00
5.151193123310804367e-03,4.120954498648643494e-02,8.000000000000000000e+00
2.771084196865558624e-03,2.216867357492446899e-02,8.000000000000000000e+00
1.495536696165800095e-02,1.196429356932640076e-01,8.000000000000000000e+00
6.068584509193897247e-03,4.854867607355117798e-02,8.000000000000000000e+00
5.837499629706144333e-03,4.669999703764915466e-02,8.000000000000000000e+00
2.448543440550565720e-03,1.958834752440452576e-02,8.000000000000000000e+00
1.377570675686001778e-03,1.102056540548801422e-02,8.000000000000000000e+00
3.195940982550382614e-03,2.556752786040306091e-02,8.000000000000000000e+00
9.762980788946151733e-02,7.810384631156921387e-01,8.062629699707031250e+00
3.047251375392079353e-03,2.437801100313663483e-02,8.000000000000000000e+00
2.758885966613888741e-03,2.207108773291110992e-02,8.000000000000000000e+00
2.105087507516145706e-03,1.684070006012916565e-02,8.000000000000000000e+00
2.355618868023157120e-03,1.884495094418525696e-02,8.000000000000000000e+00
2.604692708700895309e-03,2.083754166960716248e-02,8.000000000000000000e+00
2.774477005004882812e-02,2.219581604003906250e-01,8.000000000000000000e+00
3.237205790355801582e-03,2.589764632284641266e-02,8.000000000000000000e+00
3.467695321887731552e-03,2.774156257510185242e-02,8.000000000000000000e+00
1.630707643926143646e-03,1.304566115140914917e-02,8.000000000000000000e+00
3.496658056974411011e-03,2.797326445579528809e-02,8.000000000000000000e+00
1.975228264927864075e-02,1.580182611942291260e-01,8.000000000000000000e+00
1.339208451099693775e-03,1.071366760879755020e-02,8.000000000000000000e+00
1.045296639204025269e-01,8.362373113632202148e-01,8.000000000000000000e+00
2.226213924586772919e-03,1.780971139669418335e-02,8.000000000000000000e+00
1.911225146614015102e-03,1.528980117291212082e-02,8.000000000000000000e+00
3.099107649177312851e-03,2.479286119341850281e-02,8.000000000000000000e+00
1.680084168910980225e-01,1.344067335128784180e+00,8.016539573669433594e+00
1.323152482509613037e-01,1.058521986007690430e+00,8.016580581665039062e+00
1.436819136142730713e-01,1.149455308914184570e+00,8.008720397949218750e+00
2.266464382410049438e-01,1.813171505928039551e+00,8.000000000000000000e+00
5.467003583908081055e-02,4.373602867126464844e-01,8.037459373474121094e+00
1.756638474762439728e-02,1.405310779809951782e-01,8.027824401855468750e+00
9.826948866248130798e-03,7.861559092998504639e-02,8.000000000000000000e+00
5.381477996706962585e-03,4.305182397365570068e-02,8.003027915954589844e+00
1.666307263076305389e-02,1.333045810461044312e-01,8.002391815185546875e+00
7.576118689030408859e-03,6.060894951224327087e-02,8.002308845520019531e+00
1.493966206908226013e-02,1.195172965526580811e-01,8.002330780029296875e+00
5.163029767572879791e-03,4.130423814058303833e-02,8.002791404724121094e+00
1.693603396415710449e-02,1.354882717132568359e-01,8.002389907836914062e+00
5.077758338302373886e-03,4.062206670641899109e-02,8.002590179443359375e+00
4.681515041738748550e-03,3.745212033390998840e-02,8.002544403076171875e+00
1.859006658196449280e-02,1.487205326557159424e-01,8.002792358398437500e+00
4.038669634610414505e-03,3.230935707688331604e-02,8.002458572387695312e+00
2.432230114936828613e-02,1.945784091949462891e-01,8.002662658691406250e+00
1.026051118969917297e-02,8.208408951759338379e-02,8.002644538879394531e+00
1.497677806764841080e-02,1.198142245411872864e-01,8.002700805664062500e+00
2.082618884742259979e-02,1.666095107793807983e-01,8.002388000488281250e+00
1.282693445682525635e-02,1.026154756546020508e-01,8.002355575561523438e+00
6.871901452541351318e-03,5.497521162033081055e-02,8.002793312072753906e+00
1.306065265089273453e-02,1.044852212071418762e-01,8.002786636352539062e+00
6.959783378988504410e-03,5.567826703190803528e-02,8.002483367919921875e+00
4.269212018698453903e-03,3.415369614958763123e-02,8.002235412597656250e+00
4.630804993212223053e-03,3.704643994569778442e-02,8.002823829650878906e+00
7.648383267223834991e-03,6.118706613779067993e-02,8.002582550048828125e+00
6.673313677310943604e-02,5.338650941848754883e-01,8.000000000000000000e+00
1.752902753651142120e-02,1.402322202920913696e-01,8.011242866516113281e+00
3.967854008078575134e-02,3.174283206462860107e-01,8.004463195800781250e+00
3.734351135790348053e-03,2.987480908632278442e-02,8.000000000000000000e+00
2.102196402847766876e-02,1.681757122278213501e-01,8.036750793457031250e+00
3.004759363830089569e-02,2.403807491064071655e-01,8.002027511596679688e+00
7.142744958400726318e-03,5.714195966720581055e-02,8.000000000000000000e+00
5.505478382110595703e-02,4.404382705688476562e-01,8.008602142333984375e+00
5.485260859131813049e-03,4.388208687305450439e-02,8.003920555114746094e+00
3.147331625223159790e-02,2.517865300178527832e-01,8.000000000000000000e+00
4.870238713920116425e-03,3.896190971136093140e-02,8.008534431457519531e+00
1.162593998014926910e-02,9.300751984119415283e-02,8.000000000000000000e+00
4.802171140909194946e-02,3.841736912727355957e-01,8.016880989074707031e+00
6.988950073719024658e-02,5.591160058975219727e-01,8.035800933837890625e+00
5.258223414421081543e-02,4.206578731536865234e-01,8.029846191406250000e+00
1.762544550001621246e-02,1.410035640001296997e-01,8.088987350463867188e+00
1.957760751247406006e-02,1.566208600997924805e-01,8.093564987182617188e+00
1.481777578592300415e-01,1.185422062873840332e+00,8.449687957763671875e+00
2.379262447357177734e-01,1.903409957885742188e+00,8.321284294128417969e+00
6.844309717416763306e-02,5.475447773933410645e-01,8.014267921447753906e+00
3.483835607767105103e-02,2.787068486213684082e-01,8.000471115112304688e+00
3.129449114203453064e-02,2.503559291362762451e-01,8.001134872436523438e+00
1.978332363069057465e-02,1.582665890455245972e-01,8.023907661437988281e+00
4.154720902442932129e-02,3.323776721954345703e-01,8.002206802368164062e+00
5.314214527606964111e-02,4.251371622085571289e-01,8.002222061157226562e+00
5.373650789260864258e-02,4.298920631408691406e-01,8.002274513244628906e+00
1.702873222529888153e-02,1.362298578023910522e-01,8.023694038391113281e+00
1.888462901115417480e-02,1.510770320892333984e-01,8.023439407348632812e+00
1.114998608827590942e-01,8.919988870620727539e-01,8.023655891418457031e+00
4.748479276895523071e-02,3.798783421516418457e-01,8.001667022705078125e+00
2.420545369386672974e-02,1.936436295509338379e-01,8.001579284667968750e+00
2.510000020265579224e-02,2.008000016212463379e-01,8.001764297485351562e+00
5.089382082223892212e-02,4.071505665779113770e-01,8.001724243164062500e+00
2.301794104278087616e-02,1.841435283422470093e-01,8.023857116699218750e+00
3.223518282175064087e-02,2.578814625740051270e-01,8.023694038391113281e+00
2.021683938801288605e-02,1.617347151041030884e-01,8.001674652099609375e+00
2.370973303914070129e-02,1.896778643131256104e-01,8.024284362792968750e+00
1.780588552355766296e-02,1.424470841884613037e-01,8.024597167968750000e+00
1.446105539798736572e-02,1.156884431838989258e-01,8.023712158203125000e+00
4.311041533946990967e-02,3.448833227157592773e-01,8.024515151977539062e+00
2.055800519883632660e-02,1.644640415906906128e-01,8.024686813354492188e+00
1.220882385969161987e-01,9.767059087753295898e-01,8.000000000000000000e+00
7.839135825634002686e-02,6.271308660507202148e-01,8.015956878662109375e+00
2.233010530471801758e-01,1.786408424377441406e+00,8.062108993530273438e+00
1.811973154544830322e-01,1.449578523635864258e+00,8.041061401367187500e+00
4.643467813730239868e-02,3.714774250984191895e-01,8.004190444946289062e+00
1.938545703887939453e-01,1.550836563110351562e+00,8.001615524291992188e+00
9.109745919704437256e-02,7.287796735763549805e-01,8.000000000000000000e+00
9.726031869649887085e-02,7.780825495719909668e-01,8.000000000000000000e+00
9.695319086313247681e-02,7.756255269050598145e-01,8.000000000000000000e+00
5.875738710165023804e-02,4.700590968132019043e-01,8.000000000000000000e+00
5.234750360250473022e-02,4.187800288200378418e-01,8.003433227539062500e+00
